52	74
# # # #
0,51
0  8,10		#1  3,8		#2  3,4		#3  1,4,3	#4  3,4		#5  3,4,7	#6  3,4,11	#7  3,4	
8  2,3,4	#9  3,4		#10 3,4,10	#11 3,4,9	#12 1,4		#13 4,7		#14 4,8		#15 4,6
16 2,4,6,9	#17 4,10	#18 2,11	#19 2,7		#20 1,8,2	#21 2 10	#22 1,7		#23 1,10
24 8,10		#25 1,9		#26 7,9		#27 9,12	#28 8,9		#29 1,3		#30 1,5		#31 7,8
32 6,7		#33 2,7		#34 2		#35 11 13	#36 8		#37 10		#38 11		#39 13
40 2		#41 10		#42 9		#43 5		#44 8		#45 6		#46 6		#47 12
48 3		#49 1		#50 7		#51 7
# # # #
0,1,2,66,66,8,0		#0,17,2,65,65,10,0		#0,36,8,52,58,8,0		#0,37,7,59,64,10,0
1,2,2,82,82,3,0		#1,20,4,79,81,8,0		#1,48,13,67,78,3,0
2,3,1,0,0,3,4		#2,17,1,0,0,4,0
3,4,1,0,0,3,4		#3,20,3,94,95,1,0		#3,49,12,83,93,1,0
4,5,1,0,0,3,4
5,6,1,0,0,3,4		#5,19,3,104,105,7,0		#5,50,9,96,103,7,0
6,7,1,0,0,3,4		#6,18,2,115,115,11,0		#6,35,10,106,114,11,0
7,8,1,0,0,3,4
8,9,1,0,0,3,4		#8,18,1,0,0,2,0		#8,40,7,116,121,2,0
9,10,1,0,0,3,4
10,11,1,0,0,3,4		#10,23,3,128,129,10,0	#10,41,7,122,127,10,0
11,12,1,0,0,4,0		#11,25,1,0,0,9,0	#11,29,4,141,143,3,0	#11,42,12,130,140,9,0
12,13,2,152,152,4,0	#12,25,1,0,0,1,0	#12,29,2,144,144,1,0
13,14,3,148,149,4,0	#13,26,1,0,0,7,0	#13,31,4,145,147,7,0
14,15,3,150,151,4,0	#14,28,1,0,0,8,0	#14,31,1,0,0,8,0
15,16,2,155,155,4,6	#15,32,3,153,154,6,0
16,17,5,178,181,4,0	
#16,21,3,176,177,2,0	#16,28,3,174,175,9,0	#16,33,3,172,173,2,0	#16,46,16,157,171,6,0
17,21,3,182,183,10,0
18,19,1,0,0,2,0
19,22,1,0,0,7,0		#19,20,2,184,184,2,0
20,21,1,0,0,2,0		#20,23,2,186,186,1,0	#20,24,2,185,185,8,0
21,24,2,187,187,10,0
22,23,1,0,0,1,0		#22,25,2,188,188,1,0	#22,26,1,0,0,7,0
23,24,2,189,189,10,0
24,28,1,0,0,8,0
25,26,1,0,0,9,0
26,27,3,190,191,9,0
27,28,1,0,0,9,0		#27,47,2,192,192,12,0
29,30,4,193,195,1,0
30,43,10,196,204,5,0
31,32,2,205,205,7,0	#31,44,8,206,212,8,0
32,33,4,213,215,7,0	#32,45,5,216,219,6,0
33,34,11,220,229,2,0	#33,51,1,0,0,7,0
35,38,3,230,231,11,0	#35,39,3,232,233,13,0


