14	36
# # # # # # # # #
1,13
1	#2	#3	#4	#5	#6	#7	#8	#9	#10	#11	#12	#13
# # # # # # # # #
1,2,1,0,0,0,0	#1,3,1,0,0,0,0	#1,4,1,0,0,0,0	#1,5,1,0,0,0,0	#1,7,1,0,0,0,0	#1,8,1,0,0,0,0	#1,9,1,0,0,0,0
1,10,1,0,0,0,0	#2,3,1,0,0,0,0	#2,4,1,0,0,0,0	#2,6,1,0,0,0,0	#2,7,1,0,0,0,0	#2,8,1,0,0,0,0	#2,9,1,0,0,0,0
2,10,1,0,0,0,0	#2,11,1,0,0,0,0	#3,4,1,0,0,0,0	#3,7,1,0,0,0,0	#3,8,1,0,0,0,0	#3,9,1,0,0,0,0	#3,10,1,0,0,0,0
3,11,1,0,0,0,0	#4,6,1,0,0,0,0	#4,7,1,0,0,0,0	#4,8,1,0,0,0,0	#4,9,1,0,0,0,0	#4,10,1,0,0,0,0	#4,11,1,0,0,0,0
6,7,1,0,0,0,0	#6,9,1,0,0,0,0	#7,8,1,0,0,0,0	#7,9,1,0,0,0,0	#8,9,1,0,0,0,0	#8,10,1,0,0,0,0	#9,12,1,0,0,0,0
11,13,1,0,0,0,0

